#merian_n708_avg.par
#typedef struct {
#  double lambda;
#  double pass;
#} KFILTER; 
 
   8100.0    0.000502
   8098.0    0.000440
   8096.0    0.000435
   8094.0    0.000389
   8092.0    0.000375
   8090.0    0.000407
   8088.0    0.000410
   8086.0    0.000385
   8084.0    0.000427
   8082.0    0.000389
   8080.0    0.000431
   8078.0    0.000436
   8076.0    0.000524
   8074.0    0.000494
   8072.0    0.000486
   8070.0    0.000525
   8068.0    0.000664
   8066.0    0.000658
   8064.0    0.000513
   8062.0    0.000715
   8060.0    0.000612
   8058.0    0.000673
   8056.0    0.000640
   8054.0    0.000602
   8052.0    0.000626
   8050.0    0.000804
   8048.0    0.000535
   8046.0    0.000550
   8044.0    0.000557
   8042.0    0.000528
   8040.0    0.000582
   8038.0    0.000519
   8036.0    0.000494
   8034.0    0.000527
   8032.0    0.000427
   8030.0    0.000494
   8028.0    0.000361
   8026.0    0.000458
   8024.0    0.000406
   8022.0    0.000361
   8020.0    0.000358
   8018.0    0.000443
   8016.0    0.000406
   8014.0    0.000458
   8012.0    0.000438
   8010.0    0.000426
   8008.0    0.000471
   8006.0    0.000455
   8004.0    0.000475
   8002.0    0.000608
   8000.0    0.000546
   7998.0    0.001094
   7996.0    0.000662
   7994.0    0.000754
   7992.0    0.000775
   7990.0    0.000685
   7988.0    0.001252
   7986.0    0.001464
   7984.0    0.001490
   7982.0    0.001639
   7980.0    0.001715
   7978.0    0.001750
   7976.0    0.001876
   7974.0    0.001909
   7972.0    0.001830
   7970.0    0.001683
   7968.0    0.001654
   7966.0    0.001605
   7964.0    0.001691
   7962.0    0.001333
   7960.0    0.001549
   7958.0    0.001202
   7956.0    0.001222
   7954.0    0.001175
   7952.0    0.000847
   7950.0    0.000885
   7948.0    0.000774
   7946.0    0.000689
   7944.0    0.000580
   7942.0    0.000741
   7940.0    0.000631
   7938.0    0.000523
   7936.0    0.000663
   7934.0    0.000802
   7932.0    0.000840
   7930.0    0.000844
   7928.0    0.000991
   7926.0    0.001108
   7924.0    0.001327
   7922.0    0.001289
   7920.0    0.001368
   7918.0    0.001431
   7916.0    0.001410
   7914.0    0.001701
   7912.0    0.001672
   7910.0    0.001476
   7908.0    0.001406
   7906.0    0.001723
   7904.0    0.001526
   7902.0    0.001756
   7900.0    0.001589
   7898.0    0.001649
   7896.0    0.001650
   7894.0    0.001653
   7892.0    0.001655
   7890.0    0.001593
   7888.0    0.001384
   7886.0    0.001274
   7884.0    0.001078
   7882.0    0.001368
   7880.0    0.001028
   7878.0    0.000982
   7876.0    0.000720
   7874.0    0.000676
   7872.0    0.000677
   7870.0    0.000565
   7868.0    0.000689
   7866.0    0.000701
   7864.0    0.000707
   7862.0    0.000661
   7860.0    0.000829
   7858.0    0.000919
   7856.0    0.000966
   7854.0    0.001146
   7852.0    0.001269
   7850.0    0.001295
   7848.0    0.001324
   7846.0    0.001252
   7844.0    0.001240
   7842.0    0.001566
   7840.0    0.001488
   7838.0    0.001464
   7836.0    0.001545
   7834.0    0.001433
   7832.0    0.001488
   7830.0    0.001388
   7828.0    0.001272
   7826.0    0.001148
   7824.0    0.001131
   7822.0    0.000893
   7820.0    0.000807
   7818.0    0.000619
   7816.0    0.000658
   7814.0    0.000638
   7812.0    0.000757
   7810.0    0.000815
   7808.0    0.001159
   7806.0    0.001148
   7804.0    0.001112
   7802.0    0.001395
   7800.0    0.001378
   7798.0    0.001062
   7796.0    0.000945
   7794.0    0.000661
   7792.0    0.000572
   7790.0    0.000634
   7788.0    0.000660
   7786.0    0.000560
   7784.0    0.000643
   7782.0    0.000759
   7780.0    0.000931
   7778.0    0.001249
   7776.0    0.001017
   7774.0    0.001192
   7772.0    0.001289
   7770.0    0.001137
   7768.0    0.001065
   7766.0    0.001151
   7764.0    0.001062
   7762.0    0.000994
   7760.0    0.000873
   7758.0    0.000812
   7756.0    0.000692
   7754.0    0.000578
   7752.0    0.000543
   7750.0    0.000494
   7748.0    0.000375
   7746.0    0.000531
   7744.0    0.000780
   7742.0    0.000801
   7740.0    0.000849
   7738.0    0.000862
   7736.0    0.001123
   7734.0    0.001047
   7732.0    0.001072
   7730.0    0.001059
   7728.0    0.001167
   7726.0    0.001268
   7724.0    0.000970
   7722.0    0.000996
   7720.0    0.001109
   7718.0    0.001011
   7716.0    0.000752
   7714.0    0.000737
   7712.0    0.000641
   7710.0    0.000687
   7708.0    0.000580
   7706.0    0.000507
   7704.0    0.000498
   7702.0    0.000644
   7700.0    0.000536
   7698.0    0.000464
   7696.0    0.000518
   7694.0    0.000736
   7692.0    0.000843
   7690.0    0.000664
   7688.0    0.000912
   7686.0    0.000903
   7684.0    0.000990
   7682.0    0.000990
   7680.0    0.000972
   7678.0    0.000964
   7676.0    0.000952
   7674.0    0.001032
   7672.0    0.000829
   7670.0    0.000703
   7668.0    0.000588
   7666.0    0.000547
   7664.0    0.000426
   7662.0    0.000444
   7660.0    0.000407
   7658.0    0.000423
   7656.0    0.000402
   7654.0    0.000346
   7652.0    0.000425
   7650.0    0.000407
   7648.0    0.000592
   7646.0    0.000545
   7644.0    0.000504
   7642.0    0.000583
   7640.0    0.000518
   7638.0    0.000540
   7636.0    0.000518
   7634.0    0.000472
   7632.0    0.000434
   7630.0    0.000436
   7628.0    0.000508
   7626.0    0.000448
   7624.0    0.000387
   7622.0    0.000281
   7620.0    0.000312
   7618.0    0.000311
   7616.0    0.000264
   7614.0    0.000300
   7612.0    0.000263
   7610.0    0.000279
   7608.0    0.000263
   7606.0    0.000293
   7604.0    0.000327
   7602.0    0.000333
   7600.0    0.000322
   7598.0    0.000268
   7596.0    0.000372
   7594.0    0.000497
   7592.0    0.000546
   7590.0    0.000743
   7588.0    0.000702
   7586.0    0.000795
   7584.0    0.000783
   7582.0    0.000737
   7580.0    0.000641
   7578.0    0.000624
   7576.0    0.000527
   7574.0    0.000439
   7572.0    0.000392
   7570.0    0.000475
   7568.0    0.000389
   7566.0    0.000445
   7564.0    0.000537
   7562.0    0.000495
   7560.0    0.000549
   7558.0    0.000571
   7556.0    0.000644
   7554.0    0.000763
   7552.0    0.000734
   7550.0    0.000664
   7548.0    0.000781
   7546.0    0.000735
   7544.0    0.000763
   7542.0    0.000631
   7540.0    0.000574
   7538.0    0.000609
   7536.0    0.000610
   7534.0    0.000585
   7532.0    0.000474
   7530.0    0.000495
   7528.0    0.000386
   7526.0    0.000478
   7524.0    0.000379
   7522.0    0.000344
   7520.0    0.000376
   7518.0    0.000359
   7516.0    0.000435
   7514.0    0.000477
   7512.0    0.000410
   7510.0    0.000458
   7508.0    0.000477
   7506.0    0.000511
   7504.0    0.000604
   7502.0    0.000523
   7500.0    0.000629
   7498.0    0.000489
   7496.0    0.000691
   7494.0    0.000677
   7492.0    0.000735
   7490.0    0.000678
   7488.0    0.000640
   7486.0    0.000727
   7484.0    0.000735
   7482.0    0.000760
   7480.0    0.000668
   7478.0    0.000760
   7476.0    0.000673
   7474.0    0.000650
   7472.0    0.000583
   7470.0    0.000582
   7468.0    0.000625
   7466.0    0.000526
   7464.0    0.000544
   7462.0    0.000557
   7460.0    0.000615
   7458.0    0.000522
   7456.0    0.000587
   7454.0    0.000524
   7452.0    0.000563
   7450.0    0.000455
   7448.0    0.000404
   7446.0    0.000430
   7444.0    0.000504
   7442.0    0.000549
   7440.0    0.000528
   7438.0    0.000428
   7436.0    0.000517
   7434.0    0.000533
   7432.0    0.000570
   7430.0    0.000502
   7428.0    0.000583
   7426.0    0.000514
   7424.0    0.000535
   7422.0    0.000596
   7420.0    0.000437
   7418.0    0.000507
   7416.0    0.000412
   7414.0    0.000445
   7412.0    0.000480
   7410.0    0.000439
   7408.0    0.000576
   7406.0    0.000437
   7404.0    0.000484
   7402.0    0.000451
   7400.0    0.000457
   7398.0    0.000460
   7396.0    0.000488
   7394.0    0.000581
   7392.0    0.000554
   7390.0    0.000631
   7388.0    0.000655
   7386.0    0.000642
   7384.0    0.000626
   7382.0    0.000474
   7380.0    0.000471
   7378.0    0.000565
   7376.0    0.000607
   7374.0    0.000663
   7372.0    0.000718
   7370.0    0.000684
   7368.0    0.000806
   7366.0    0.000683
   7364.0    0.000764
   7362.0    0.000704
   7360.0    0.000606
   7358.0    0.000678
   7356.0    0.000483
   7354.0    0.000630
   7352.0    0.000604
   7350.0    0.000593
   7348.0    0.000630
   7346.0    0.000655
   7344.0    0.000684
   7342.0    0.000832
   7340.0    0.000927
   7338.0    0.000957
   7336.0    0.000910
   7334.0    0.000995
   7332.0    0.001092
   7330.0    0.001259
   7328.0    0.001195
   7326.0    0.001508
   7324.0    0.001516
   7322.0    0.001683
   7320.0    0.002054
   7318.0    0.002264
   7316.0    0.002487
   7314.0    0.002756
   7312.0    0.003129
   7310.0    0.003295
   7308.0    0.003863
   7306.0    0.004468
   7304.0    0.004758
   7302.0    0.005497
   7300.0    0.006012
   7298.0    0.006979
   7296.0    0.007758
   7294.0    0.008492
   7292.0    0.009598
   7290.0    0.011188
   7288.0    0.012697
   7286.0    0.014294
   7284.0    0.016296
   7282.0    0.018309
   7280.0    0.020888
   7278.0    0.023847
   7276.0    0.027387
   7274.0    0.031622
   7272.0    0.036441
   7270.0    0.041861
   7268.0    0.048021
   7266.0    0.055434
   7264.0    0.063417
   7262.0    0.072842
   7260.0    0.083667
   7258.0    0.095397
   7256.0    0.108422
   7254.0    0.123332
   7252.0    0.139969
   7250.0    0.158028
   7248.0    0.178012
   7246.0    0.198495
   7244.0    0.221010
   7242.0    0.244315
   7240.0    0.269382
   7238.0    0.294131
   7236.0    0.319327
   7234.0    0.346756
   7232.0    0.375314
   7230.0    0.404744
   7228.0    0.430026
   7226.0    0.454221
   7224.0    0.476217
   7222.0    0.494909
   7220.0    0.510598
   7218.0    0.524147
   7216.0    0.536197
   7214.0    0.545584
   7212.0    0.548554
   7210.0    0.549718
   7208.0    0.548938
   7206.0    0.550049
   7204.0    0.549494
   7202.0    0.546786
   7200.0    0.549139
   7198.0    0.552299
   7196.0    0.552852
   7194.0    0.552806
   7192.0    0.552728
   7190.0    0.552648
   7188.0    0.553612
   7186.0    0.555887
   7184.0    0.560045
   7182.0    0.564929
   7180.0    0.568272
   7178.0    0.569776
   7176.0    0.569555
   7174.0    0.573992
   7172.0    0.575907
   7170.0    0.581326
   7168.0    0.585037
   7166.0    0.589185
   7164.0    0.592191
   7162.0    0.593846
   7160.0    0.594266
   7158.0    0.595811
   7156.0    0.596825
   7154.0    0.597143
   7152.0    0.596003
   7150.0    0.597915
   7148.0    0.597433
   7146.0    0.599423
   7144.0    0.595926
   7142.0    0.597917
   7140.0    0.597501
   7138.0    0.597002
   7136.0    0.598354
   7134.0    0.597860
   7132.0    0.596734
   7130.0    0.596700
   7128.0    0.596093
   7126.0    0.597916
   7124.0    0.596660
   7122.0    0.598861
   7120.0    0.595501
   7118.0    0.597337
   7116.0    0.598204
   7114.0    0.595666
   7112.0    0.597520
   7110.0    0.596245
   7108.0    0.596240
   7106.0    0.596871
   7104.0    0.597410
   7102.0    0.594715
   7100.0    0.595885
   7098.0    0.596019
   7096.0    0.595978
   7094.0    0.595295
   7092.0    0.595650
   7090.0    0.596946
   7088.0    0.595779
   7086.0    0.595578
   7084.0    0.595070
   7082.0    0.596465
   7080.0    0.596986
   7078.0    0.596458
   7076.0    0.596022
   7074.0    0.594155
   7072.0    0.595248
   7070.0    0.595004
   7068.0    0.596073
   7066.0    0.596303
   7064.0    0.594351
   7062.0    0.593214
   7060.0    0.594629
   7058.0    0.592320
   7056.0    0.593935
   7054.0    0.593908
   7052.0    0.593285
   7050.0    0.593298
   7048.0    0.592044
   7046.0    0.591722
   7044.0    0.592417
   7042.0    0.591849
   7040.0    0.592835
   7038.0    0.592485
   7036.0    0.591530
   7034.0    0.590433
   7032.0    0.591088
   7030.0    0.589123
   7028.0    0.590383
   7026.0    0.589334
   7024.0    0.588106
   7022.0    0.587843
   7020.0    0.588259
   7018.0    0.589262
   7016.0    0.587626
   7014.0    0.588846
   7012.0    0.588493
   7010.0    0.588398
   7008.0    0.587287
   7006.0    0.588730
   7004.0    0.588823
   7002.0    0.589146
   7000.0    0.588333
   6998.0    0.585427
   6996.0    0.584489
   6994.0    0.581595
   6992.0    0.579278
   6990.0    0.575810
   6988.0    0.570863
   6986.0    0.566372
   6984.0    0.558601
   6982.0    0.548390
   6980.0    0.536334
   6978.0    0.520873
   6976.0    0.502903
   6974.0    0.481032
   6972.0    0.458698
   6970.0    0.432342
   6968.0    0.403383
   6966.0    0.372675
   6964.0    0.342004
   6962.0    0.311190
   6960.0    0.280030
   6958.0    0.251347
   6956.0    0.223520
   6954.0    0.197249
   6952.0    0.172596
   6950.0    0.150251
   6948.0    0.130381
   6946.0    0.112289
   6944.0    0.096760
   6942.0    0.083302
   6940.0    0.071637
   6938.0    0.061349
   6936.0    0.052845
   6934.0    0.045448
   6932.0    0.039070
   6930.0    0.033609
   6928.0    0.028841
   6926.0    0.024800
   6924.0    0.021308
   6922.0    0.018304
   6920.0    0.015886
   6918.0    0.013616
   6916.0    0.011764
   6914.0    0.010137
   6912.0    0.008797
   6910.0    0.007650
   6908.0    0.006650
   6906.0    0.005822
   6904.0    0.004969
   6902.0    0.004369
   6900.0    0.003762
   6898.0    0.003273
   6896.0    0.002944
   6894.0    0.002540
   6892.0    0.002253
   6890.0    0.002075
   6888.0    0.001792
   6886.0    0.001635
   6884.0    0.001332
   6882.0    0.001205
   6880.0    0.001021
   6878.0    0.000923
   6876.0    0.000856
   6874.0    0.000692
   6872.0    0.000691
   6870.0    0.000563
   6868.0    0.000667
   6866.0    0.000589
   6864.0    0.000537
   6862.0    0.000505
   6860.0    0.000436
   6858.0    0.000442
   6856.0    0.000394
   6854.0    0.000400
   6852.0    0.000379
   6850.0    0.000415
   6848.0    0.000419
   6846.0    0.000291
   6844.0    0.000303
   6842.0    0.000336
   6840.0    0.000342
   6838.0    0.000296
   6836.0    0.000255
   6834.0    0.000318
   6832.0    0.000286
   6830.0    0.000267
   6828.0    0.000299
   6826.0    0.000291
   6824.0    0.000263
   6822.0    0.000299
   6820.0    0.000271
   6818.0    0.000284
   6816.0    0.000207
   6814.0    0.000231
   6812.0    0.000312
   6810.0    0.000249
   6808.0    0.000236
   6806.0    0.000254
   6804.0    0.000281
   6802.0    0.000286
   6800.0    0.000243
   6798.0    0.000300
   6796.0    0.000227
   6794.0    0.000238
   6792.0    0.000205
   6790.0    0.000181
   6788.0    0.000268
   6786.0    0.000268
   6784.0    0.000263
   6782.0    0.000245
   6780.0    0.000225
   6778.0    0.000261
   6776.0    0.000205
   6774.0    0.000212
   6772.0    0.000265
   6770.0    0.000247
   6768.0    0.000257
   6766.0    0.000230
   6764.0    0.000245
   6762.0    0.000272
   6760.0    0.000260
   6758.0    0.000245
   6756.0    0.000255
   6754.0    0.000238
   6752.0    0.000256
   6750.0    0.000223
   6748.0    0.000248
   6746.0    0.000225
   6744.0    0.000238
   6742.0    0.000216
   6740.0    0.000234
   6738.0    0.000237
   6736.0    0.000222
   6734.0    0.000201
   6732.0    0.000234
   6730.0    0.000264
   6728.0    0.000193
   6726.0    0.000222
   6724.0    0.000228
   6722.0    0.000208
   6720.0    0.000228
   6718.0    0.000211
   6716.0    0.000239
   6714.0    0.000225
   6712.0    0.000276
   6710.0    0.000233
   6708.0    0.000222
   6706.0    0.000244
   6704.0    0.000248
   6702.0    0.000220
   6700.0    0.000243
   6698.0    0.000229
   6696.0    0.000211
   6694.0    0.000252
   6692.0    0.000212
   6690.0    0.000209
   6688.0    0.000224
   6686.0    0.000249
   6684.0    0.000219
   6682.0    0.000202
   6680.0    0.000210
   6678.0    0.000252
   6676.0    0.000177
   6674.0    0.000207
   6672.0    0.000222
   6670.0    0.000218
   6668.0    0.000200
   6666.0    0.000192
   6664.0    0.000200
   6662.0    0.000211
   6660.0    0.000206
   6658.0    0.000196
   6656.0    0.000203
   6654.0    0.000195
   6652.0    0.000262
   6650.0    0.000198
   6648.0    0.000209
   6646.0    0.000202
   6644.0    0.000182
   6642.0    0.000206
   6640.0    0.000192
   6638.0    0.000182
   6636.0    0.000205
   6634.0    0.000227
   6632.0    0.000191
   6630.0    0.000200
   6628.0    0.000252
   6626.0    0.000207
   6624.0    0.000216
   6622.0    0.000214
   6620.0    0.000201
   6618.0    0.000185
   6616.0    0.000240
   6614.0    0.000201
   6612.0    0.000188
   6610.0    0.000237
   6608.0    0.000213
   6606.0    0.000174
   6604.0    0.000210
   6602.0    0.000197
   6600.0    0.000216
   6598.0    0.000192
   6596.0    0.000197
   6594.0    0.000220
   6592.0    0.000201
   6590.0    0.000212
   6588.0    0.000203
   6586.0    0.000146
   6584.0    0.000199
   6582.0    0.000191
   6580.0    0.000199
   6578.0    0.000246
   6576.0    0.000181
   6574.0    0.000188
   6572.0    0.000173
   6570.0    0.000219
   6568.0    0.000200
   6566.0    0.000195
   6564.0    0.000230
   6562.0    0.000200
   6560.0    0.000164
   6558.0    0.000201
   6556.0    0.000203
   6554.0    0.000174
   6552.0    0.000181
   6550.0    0.000176
   6548.0    0.000196
   6546.0    0.000172
   6544.0    0.000177
   6542.0    0.000156
   6540.0    0.000181
   6538.0    0.000146
   6536.0    0.000181
   6534.0    0.000190
   6532.0    0.000195
   6530.0    0.000222
   6528.0    0.000169
   6526.0    0.000211
   6524.0    0.000193
   6522.0    0.000159
   6520.0    0.000201
   6518.0    0.000164
   6516.0    0.000153
   6514.0    0.000165
   6512.0    0.000151
   6510.0    0.000160
   6508.0    0.000214
   6506.0    0.000172
   6504.0    0.000199
   6502.0    0.000148
   6500.0    0.000153
   6498.0    0.000142
   6496.0    0.000162
   6494.0    0.000176
   6492.0    0.000156
   6490.0    0.000147
   6488.0    0.000191
   6486.0    0.000138
   6484.0    0.000161
   6482.0    0.000170
   6480.0    0.000146
   6478.0    0.000191
   6476.0    0.000155
   6474.0    0.000172
   6472.0    0.000173
   6470.0    0.000183
   6468.0    0.000187
   6466.0    0.000135
   6464.0    0.000138
   6462.0    0.000149
   6460.0    0.000197
   6458.0    0.000183
   6456.0    0.000208
   6454.0    0.000174
   6452.0    0.000152
   6450.0    0.000164
   6448.0    0.000173
   6446.0    0.000162
   6444.0    0.000149
   6442.0    0.000172
   6440.0    0.000169
   6438.0    0.000154
   6436.0    0.000132
   6434.0    0.000168
   6432.0    0.000150
   6430.0    0.000175
   6428.0    0.000188
   6426.0    0.000157
   6424.0    0.000159
   6422.0    0.000150
   6420.0    0.000203
   6418.0    0.000182
   6416.0    0.000144
   6414.0    0.000145
   6412.0    0.000147
   6410.0    0.000158
   6408.0    0.000158
   6406.0    0.000123
   6404.0    0.000175
   6402.0    0.000183
   6400.0    0.000134
   6398.0    0.000142
   6396.0    0.000156
   6394.0    0.000164
   6392.0    0.000175
   6390.0    0.000161
   6388.0    0.000153
   6386.0    0.000134
   6384.0    0.000150
   6382.0    0.000153
   6380.0    0.000162
   6378.0    0.000140
   6376.0    0.000158
   6374.0    0.000118
   6372.0    0.000162
   6370.0    0.000121
   6368.0    0.000134
   6366.0    0.000141
   6364.0    0.000130
   6362.0    0.000150
   6360.0    0.000141
   6358.0    0.000136
   6356.0    0.000167
   6354.0    0.000136
   6352.0    0.000132
   6350.0    0.000145
   6348.0    0.000133
   6346.0    0.000128
   6344.0    0.000123
   6342.0    0.000129
   6340.0    0.000123
   6338.0    0.000158
   6336.0    0.000136
   6334.0    0.000163
   6332.0    0.000147
   6330.0    0.000134
   6328.0    0.000134
   6326.0    0.000141
   6324.0    0.000152
   6322.0    0.000137
   6320.0    0.000131
   6318.0    0.000130
   6316.0    0.000149
   6314.0    0.000142
   6312.0    0.000141
   6310.0    0.000128
   6308.0    0.000135
   6306.0    0.000127
   6304.0    0.000130
   6302.0    0.000134
   6300.0    0.000140
   6298.0    0.000136
   6296.0    0.000107
   6294.0    0.000143
   6292.0    0.000128
   6290.0    0.000143
   6288.0    0.000130
   6286.0    0.000142
   6284.0    0.000136
   6282.0    0.000133
   6280.0    0.000130
   6278.0    0.000114
   6276.0    0.000130
   6274.0    0.000126
   6272.0    0.000120
   6270.0    0.000142
   6268.0    0.000124
   6266.0    0.000162
   6264.0    0.000110
   6262.0    0.000097
   6260.0    0.000123
   6258.0    0.000119
   6256.0    0.000121
   6254.0    0.000157
   6252.0    0.000125
   6250.0    0.000115
   6248.0    0.000114
   6246.0    0.000147
   6244.0    0.000105
   6242.0    0.000134
   6240.0    0.000115
   6238.0    0.000120
   6236.0    0.000107
   6234.0    0.000099
   6232.0    0.000133
   6230.0    0.000142
   6228.0    0.000139
   6226.0    0.000136
   6224.0    0.000123
   6222.0    0.000126
   6220.0    0.000124
   6218.0    0.000114
   6216.0    0.000120
   6214.0    0.000139
   6212.0    0.000137
   6210.0    0.000126
   6208.0    0.000102
   6206.0    0.000140
   6204.0    0.000137
   6202.0    0.000110
   6200.0    0.000150
   6198.0    0.000113
   6196.0    0.000101
   6194.0    0.000098
   6192.0    0.000113
   6190.0    0.000117
   6188.0    0.000137
   6186.0    0.000132
   6184.0    0.000125
   6182.0    0.000114
   6180.0    0.000124
   6178.0    0.000124
   6176.0    0.000142
   6174.0    0.000129
   6172.0    0.000115
   6170.0    0.000112
   6168.0    0.000116
   6166.0    0.000100
   6164.0    0.000106
   6162.0    0.000133
   6160.0    0.000136
   6158.0    0.000139
   6156.0    0.000127
   6154.0    0.000108
   6152.0    0.000125
   6150.0    0.000132
   6148.0    0.000120
   6146.0    0.000120
   6144.0    0.000138
   6142.0    0.000120
   6140.0    0.000107
   6138.0    0.000119
   6136.0    0.000119
   6134.0    0.000102
   6132.0    0.000113
   6130.0    0.000110
   6128.0    0.000137
   6126.0    0.000091
   6124.0    0.000123
   6122.0    0.000105
   6120.0    0.000090
   6118.0    0.000114
   6116.0    0.000110
   6114.0    0.000107
   6112.0    0.000115
   6110.0    0.000115
   6108.0    0.000109
   6106.0    0.000108
   6104.0    0.000141
   6102.0    0.000103
   6100.0    0.000116