# merian_n540_avg
#typedef struct {
#  double lambda;
#  double pass;
#} KFILTER; 
   5900.0    0.000120
   5898.0    0.000153
   5896.0    0.000128
   5894.0    0.000148
   5892.0    0.000150
   5890.0    0.000149
   5888.0    0.000126
   5886.0    0.000130
   5884.0    0.000145
   5882.0    0.000130
   5880.0    0.000122
   5878.0    0.000156
   5876.0    0.000162
   5874.0    0.000123
   5872.0    0.000128
   5870.0    0.000147
   5868.0    0.000148
   5866.0    0.000144
   5864.0    0.000159
   5862.0    0.000173
   5860.0    0.000130
   5858.0    0.000135
   5856.0    0.000132
   5854.0    0.000146
   5852.0    0.000132
   5850.0    0.000161
   5848.0    0.000145
   5846.0    0.000155
   5844.0    0.000137
   5842.0    0.000133
   5840.0    0.000145
   5838.0    0.000138
   5836.0    0.000131
   5834.0    0.000147
   5832.0    0.000156
   5830.0    0.000152
   5828.0    0.000151
   5826.0    0.000155
   5824.0    0.000107
   5822.0    0.000151
   5820.0    0.000129
   5818.0    0.000145
   5816.0    0.000142
   5814.0    0.000128
   5812.0    0.000132
   5810.0    0.000128
   5808.0    0.000102
   5806.0    0.000131
   5804.0    0.000153
   5802.0    0.000148
   5800.0    0.000120
   5798.0    0.000146
   5796.0    0.000130
   5794.0    0.000150
   5792.0    0.000139
   5790.0    0.000117
   5788.0    0.000132
   5786.0    0.000142
   5784.0    0.000138
   5782.0    0.000143
   5780.0    0.000153
   5778.0    0.000143
   5776.0    0.000140
   5774.0    0.000131
   5772.0    0.000144
   5770.0    0.000142
   5768.0    0.000143
   5766.0    0.000148
   5764.0    0.000133
   5762.0    0.000103
   5760.0    0.000130
   5758.0    0.000148
   5756.0    0.000119
   5754.0    0.000121
   5752.0    0.000143
   5750.0    0.000138
   5748.0    0.000141
   5746.0    0.000148
   5744.0    0.000112
   5742.0    0.000127
   5740.0    0.000125
   5738.0    0.000146
   5736.0    0.000133
   5734.0    0.000153
   5732.0    0.000146
   5730.0    0.000126
   5728.0    0.000127
   5726.0    0.000144
   5724.0    0.000143
   5722.0    0.000139
   5720.0    0.000152
   5718.0    0.000123
   5716.0    0.000157
   5714.0    0.000151
   5712.0    0.000124
   5710.0    0.000135
   5708.0    0.000143
   5706.0    0.000102
   5704.0    0.000122
   5702.0    0.000141
   5700.0    0.000142
   5698.0    0.000143
   5696.0    0.000150
   5694.0    0.000112
   5692.0    0.000141
   5690.0    0.000123
   5688.0    0.000150
   5686.0    0.000131
   5684.0    0.000160
   5682.0    0.000132
   5680.0    0.000158
   5678.0    0.000140
   5676.0    0.000155
   5674.0    0.000176
   5672.0    0.000150
   5670.0    0.000145
   5668.0    0.000172
   5666.0    0.000141
   5664.0    0.000171
   5662.0    0.000178
   5660.0    0.000176
   5658.0    0.000173
   5656.0    0.000182
   5654.0    0.000165
   5652.0    0.000180
   5650.0    0.000208
   5648.0    0.000223
   5646.0    0.000261
   5644.0    0.000213
   5642.0    0.000258
   5640.0    0.000259
   5638.0    0.000273
   5636.0    0.000320
   5634.0    0.000354
   5632.0    0.000319
   5630.0    0.000331
   5628.0    0.000451
   5626.0    0.000453
   5624.0    0.000488
   5622.0    0.000536
   5620.0    0.000590
   5618.0    0.000669
   5616.0    0.000753
   5614.0    0.000743
   5612.0    0.000850
   5610.0    0.000923
   5608.0    0.000996
   5606.0    0.001063
   5604.0    0.001146
   5602.0    0.001271
   5600.0    0.001350
   5598.0    0.001433
   5596.0    0.001575
   5594.0    0.001746
   5592.0    0.001914
   5590.0    0.002045
   5588.0    0.002219
   5586.0    0.002415
   5584.0    0.002660
   5582.0    0.002960
   5580.0    0.003237
   5578.0    0.003558
   5576.0    0.003964
   5574.0    0.004458
   5572.0    0.005001
   5570.0    0.005531
   5568.0    0.006168
   5566.0    0.006944
   5564.0    0.007782
   5562.0    0.008740
   5560.0    0.009785
   5558.0    0.011043
   5556.0    0.012361
   5554.0    0.013915
   5552.0    0.015673
   5550.0    0.017680
   5548.0    0.019936
   5546.0    0.022518
   5544.0    0.025412
   5542.0    0.028886
   5540.0    0.032751
   5538.0    0.037368
   5536.0    0.042604
   5534.0    0.048632
   5532.0    0.055801
   5530.0    0.063999
   5528.0    0.073393
   5526.0    0.084318
   5524.0    0.097234
   5522.0    0.111509
   5520.0    0.127673
   5518.0    0.145580
   5516.0    0.165399
   5514.0    0.187061
   5512.0    0.210083
   5510.0    0.234384
   5508.0    0.258793
   5506.0    0.283837
   5504.0    0.309061
   5502.0    0.333690
   5500.0    0.357943
   5498.0    0.380226
   5496.0    0.402785
   5494.0    0.422859
   5492.0    0.440592
   5490.0    0.456603
   5488.0    0.470649
   5486.0    0.483418
   5484.0    0.493603
   5482.0    0.501480
   5480.0    0.508308
   5478.0    0.513616
   5476.0    0.518098
   5474.0    0.521072
   5472.0    0.522347
   5470.0    0.523394
   5468.0    0.525394
   5466.0    0.525527
   5464.0    0.526308
   5462.0    0.525667
   5460.0    0.525695
   5458.0    0.525632
   5456.0    0.523963
   5454.0    0.525255
   5452.0    0.524139
   5450.0    0.523625
   5448.0    0.523369
   5446.0    0.523381
   5444.0    0.522467
   5442.0    0.522729
   5440.0    0.521761
   5438.0    0.521814
   5436.0    0.520802
   5434.0    0.521278
   5432.0    0.521101
   5430.0    0.520943
   5428.0    0.521451
   5426.0    0.519972
   5424.0    0.520562
   5422.0    0.520870
   5420.0    0.521738
   5418.0    0.521425
   5416.0    0.521568
   5414.0    0.521489
   5412.0    0.521201
   5410.0    0.520889
   5408.0    0.520869
   5406.0    0.520758
   5404.0    0.519966
   5402.0    0.519558
   5400.0    0.520031
   5398.0    0.519741
   5396.0    0.519755
   5394.0    0.519584
   5392.0    0.519860
   5390.0    0.519195
   5388.0    0.518673
   5386.0    0.519550
   5384.0    0.519256
   5382.0    0.518784
   5380.0    0.518481
   5378.0    0.518343
   5376.0    0.518573
   5374.0    0.517384
   5372.0    0.517254
   5370.0    0.516801
   5368.0    0.517214
   5366.0    0.516988
   5364.0    0.516253
   5362.0    0.516588
   5360.0    0.516282
   5358.0    0.516990
   5356.0    0.517164
   5354.0    0.516064
   5352.0    0.516253
   5350.0    0.516626
   5348.0    0.516273
   5346.0    0.516406
   5344.0    0.516005
   5342.0    0.516182
   5340.0    0.516552
   5338.0    0.516508
   5336.0    0.515246
   5334.0    0.515724
   5332.0    0.514073
   5330.0    0.512632
   5328.0    0.510442
   5326.0    0.507630
   5324.0    0.503987
   5322.0    0.498288
   5320.0    0.491371
   5318.0    0.482536
   5316.0    0.471611
   5314.0    0.458683
   5312.0    0.444530
   5310.0    0.426433
   5308.0    0.406156
   5306.0    0.385073
   5304.0    0.361160
   5302.0    0.336294
   5300.0    0.309436
   5298.0    0.282157
   5296.0    0.254987
   5294.0    0.228424
   5292.0    0.201968
   5290.0    0.177424
   5288.0    0.154624
   5286.0    0.133788
   5284.0    0.115133
   5282.0    0.098754
   5280.0    0.084536
   5278.0    0.072000
   5276.0    0.061569
   5274.0    0.052502
   5272.0    0.044831
   5270.0    0.038351
   5268.0    0.032790
   5266.0    0.028132
   5264.0    0.024180
   5262.0    0.020812
   5260.0    0.017993
   5258.0    0.015549
   5256.0    0.013501
   5254.0    0.011726
   5252.0    0.010258
   5250.0    0.008926
   5248.0    0.007803
   5246.0    0.006925
   5244.0    0.006095
   5242.0    0.005395
   5240.0    0.004806
   5238.0    0.004292
   5236.0    0.003818
   5234.0    0.003394
   5232.0    0.003013
   5230.0    0.002703
   5228.0    0.002435
   5226.0    0.002191
   5224.0    0.001983
   5222.0    0.001737
   5220.0    0.001561
   5218.0    0.001411
   5216.0    0.001238
   5214.0    0.001074
   5212.0    0.001034
   5210.0    0.000877
   5208.0    0.000840
   5206.0    0.000761
   5204.0    0.000671
   5202.0    0.000615
   5200.0    0.000577
   5198.0    0.000524
   5196.0    0.000496
   5194.0    0.000415
   5192.0    0.000396
   5190.0    0.000362
   5188.0    0.000353
   5186.0    0.000278
   5184.0    0.000256
   5182.0    0.000291
   5180.0    0.000283
   5178.0    0.000257
   5176.0    0.000211
   5174.0    0.000172
   5172.0    0.000179
   5170.0    0.000192
   5168.0    0.000197
   5166.0    0.000180
   5164.0    0.000168
   5162.0    0.000177
   5160.0    0.000137
   5158.0    0.000144
   5156.0    0.000142
   5154.0    0.000158
   5152.0    0.000137
   5150.0    0.000135
   5148.0    0.000143
   5146.0    0.000116
   5144.0    0.000118
   5142.0    0.000148
   5140.0    0.000137
   5138.0    0.000144
   5136.0    0.000112
   5134.0    0.000143
   5132.0    0.000115
   5130.0    0.000147
   5128.0    0.000125
   5126.0    0.000135
   5124.0    0.000121
   5122.0    0.000128
   5120.0    0.000156
   5118.0    0.000124
   5116.0    0.000141
   5114.0    0.000124
   5112.0    0.000141
   5110.0    0.000118
   5108.0    0.000133
   5106.0    0.000114
   5104.0    0.000123
   5102.0    0.000157
   5100.0    0.000154
   5098.0    0.000121
   5096.0    0.000133
   5094.0    0.000136
   5092.0    0.000118
   5090.0    0.000155
   5088.0    0.000120
   5086.0    0.000152
   5084.0    0.000141
   5082.0    0.000113
   5080.0    0.000094
   5078.0    0.000128
   5076.0    0.000132
   5074.0    0.000152
   5072.0    0.000137
   5070.0    0.000156
   5068.0    0.000130
   5066.0    0.000144
   5064.0    0.000136
   5062.0    0.000124
   5060.0    0.000130
   5058.0    0.000102
   5056.0    0.000113
   5054.0    0.000115
   5052.0    0.000129
   5050.0    0.000128
   5048.0    0.000113
   5046.0    0.000138
   5044.0    0.000145
   5042.0    0.000136
   5040.0    0.000166
   5038.0    0.000146
   5036.0    0.000155
   5034.0    0.000118
   5032.0    0.000114
   5030.0    0.000127
   5028.0    0.000118
   5026.0    0.000128
   5024.0    0.000128
   5022.0    0.000126
   5020.0    0.000132
   5018.0    0.000135
   5016.0    0.000132
   5014.0    0.000155
   5012.0    0.000131
   5010.0    0.000126
   5008.0    0.000116
   5006.0    0.000127
   5004.0    0.000132
   5002.0    0.000133
   5000.0    0.000142
   4998.0    0.000127
   4996.0    0.000153
   4994.0    0.000125
   4992.0    0.000129
   4990.0    0.000128
   4988.0    0.000153
   4986.0    0.000116
   4984.0    0.000137
   4982.0    0.000143
   4980.0    0.000151
   4978.0    0.000159
   4976.0    0.000153
   4974.0    0.000149
   4972.0    0.000130
   4970.0    0.000121
   4968.0    0.000149
   4966.0    0.000115
   4964.0    0.000116
   4962.0    0.000140
   4960.0    0.000135
   4958.0    0.000142
   4956.0    0.000143
   4954.0    0.000098
   4952.0    0.000130
   4950.0    0.000136
   4948.0    0.000142
   4946.0    0.000119
   4944.0    0.000114
   4942.0    0.000139
   4940.0    0.000132
   4938.0    0.000137
   4936.0    0.000122
   4934.0    0.000139
   4932.0    0.000169
   4930.0    0.000140
   4928.0    0.000134
   4926.0    0.000164
   4924.0    0.000165
   4922.0    0.000153
   4920.0    0.000164
   4918.0    0.000144
   4916.0    0.000137
   4914.0    0.000164
   4912.0    0.000173
   4910.0    0.000131
   4908.0    0.000163
   4906.0    0.000132
   4904.0    0.000139
   4902.0    0.000151
   4900.0    0.000174