# merian_n540_med.txt
#typedef struct {
#  double lambda;
#  double pass;
#} ; 
 
      5900.0    0.000101
      5898.0    0.000148
      5896.0    0.000100
      5894.0    0.000128
      5892.0    0.000172
      5890.0    0.000133
      5888.0    0.000097
      5886.0    0.000099
      5884.0    0.000128
      5882.0    0.000097
      5880.0    0.000077
      5878.0    0.000149
      5876.0    0.000155
      5874.0    0.000108
      5872.0    0.000089
      5870.0    0.000119
      5868.0    0.000120
      5866.0    0.000145
      5864.0    0.000138
      5862.0    0.000168
      5860.0    0.000111
      5858.0    0.000137
      5856.0    0.000086
      5854.0    0.000127
      5852.0    0.000117
      5850.0    0.000144
      5848.0    0.000107
      5846.0    0.000144
      5844.0    0.000127
      5842.0    0.000109
      5840.0    0.000153
      5838.0    0.000119
      5836.0    0.000099
      5834.0    0.000114
      5832.0    0.000138
      5830.0    0.000153
      5828.0    0.000157
      5826.0    0.000165
      5824.0    0.000086
      5822.0    0.000145
      5820.0    0.000113
      5818.0    0.000135
      5816.0    0.000106
      5814.0    0.000108
      5812.0    0.000112
      5810.0    0.000096
      5808.0    0.000073
      5806.0    0.000115
      5804.0    0.000145
      5802.0    0.000142
      5800.0    0.000111
      5798.0    0.000127
      5796.0    0.000105
      5794.0    0.000130
      5792.0    0.000126
      5790.0    0.000104
      5788.0    0.000123
      5786.0    0.000114
      5784.0    0.000120
      5782.0    0.000132
      5780.0    0.000132
      5778.0    0.000115
      5776.0    0.000123
      5774.0    0.000122
      5772.0    0.000151
      5770.0    0.000139
      5768.0    0.000132
      5766.0    0.000141
      5764.0    0.000121
      5762.0    0.000093
      5760.0    0.000124
      5758.0    0.000133
      5756.0    0.000086
      5754.0    0.000103
      5752.0    0.000121
      5750.0    0.000117
      5748.0    0.000118
      5746.0    0.000113
      5744.0    0.000094
      5742.0    0.000108
      5740.0    0.000092
      5738.0    0.000129
      5736.0    0.000113
      5734.0    0.000157
      5732.0    0.000145
      5730.0    0.000099
      5728.0    0.000099
      5726.0    0.000145
      5724.0    0.000125
      5722.0    0.000137
      5720.0    0.000156
      5718.0    0.000103
      5716.0    0.000163
      5714.0    0.000156
      5712.0    0.000109
      5710.0    0.000091
      5708.0    0.000129
      5706.0    0.000064
      5704.0    0.000098
      5702.0    0.000126
      5700.0    0.000130
      5698.0    0.000108
      5696.0    0.000133
      5694.0    0.000108
      5692.0    0.000114
      5690.0    0.000102
      5688.0    0.000109
      5686.0    0.000102
      5684.0    0.000137
      5682.0    0.000106
      5680.0    0.000167
      5678.0    0.000110
      5676.0    0.000161
      5674.0    0.000155
      5672.0    0.000142
      5670.0    0.000134
      5668.0    0.000126
      5666.0    0.000118
      5664.0    0.000146
      5662.0    0.000152
      5660.0    0.000159
      5658.0    0.000152
      5656.0    0.000179
      5654.0    0.000134
      5652.0    0.000144
      5650.0    0.000201
      5648.0    0.000216
      5646.0    0.000231
      5644.0    0.000213
      5642.0    0.000255
      5640.0    0.000238
      5638.0    0.000269
      5636.0    0.000292
      5634.0    0.000336
      5632.0    0.000308
      5630.0    0.000352
      5628.0    0.000440
      5626.0    0.000455
      5624.0    0.000490
      5622.0    0.000510
      5620.0    0.000571
      5618.0    0.000677
      5616.0    0.000743
      5614.0    0.000713
      5612.0    0.000826
      5610.0    0.000909
      5608.0    0.000992
      5606.0    0.001062
      5604.0    0.001090
      5602.0    0.001266
      5600.0    0.001333
      5598.0    0.001397
      5596.0    0.001504
      5594.0    0.001657
      5592.0    0.001891
      5590.0    0.002040
      5588.0    0.002123
      5586.0    0.002359
      5584.0    0.002589
      5582.0    0.002843
      5580.0    0.003084
      5578.0    0.003510
      5576.0    0.003708
      5574.0    0.004330
      5572.0    0.004834
      5570.0    0.005350
      5568.0    0.005953
      5566.0    0.006887
      5564.0    0.007720
      5562.0    0.008687
      5560.0    0.009702
      5558.0    0.011126
      5556.0    0.012362
      5554.0    0.014003
      5552.0    0.015760
      5550.0    0.017826
      5548.0    0.020088
      5546.0    0.022787
      5544.0    0.025584
      5542.0    0.029227
      5540.0    0.032968
      5538.0    0.037741
      5536.0    0.043149
      5534.0    0.049350
      5532.0    0.056204
      5530.0    0.064546
      5528.0    0.074376
      5526.0    0.085750
      5524.0    0.098681
      5522.0    0.113434
      5520.0    0.129699
      5518.0    0.148241
      5516.0    0.167705
      5514.0    0.191544
      5512.0    0.215302
      5510.0    0.240965
      5508.0    0.266729
      5506.0    0.292355
      5504.0    0.318594
      5502.0    0.342052
      5500.0    0.368668
      5498.0    0.387751
      5496.0    0.410914
      5494.0    0.430460
      5492.0    0.447708
      5490.0    0.463648
      5488.0    0.475722
      5486.0    0.488522
      5484.0    0.496369
      5482.0    0.503531
      5480.0    0.509317
      5478.0    0.514035
      5476.0    0.518688
      5474.0    0.521767
      5472.0    0.522597
      5470.0    0.523652
      5468.0    0.525758
      5466.0    0.525659
      5464.0    0.526492
      5462.0    0.525567
      5460.0    0.525783
      5458.0    0.525595
      5456.0    0.524045
      5454.0    0.525208
      5452.0    0.524071
      5450.0    0.523704
      5448.0    0.523293
      5446.0    0.523097
      5444.0    0.522831
      5442.0    0.523009
      5440.0    0.521915
      5438.0    0.521614
      5436.0    0.520840
      5434.0    0.521131
      5432.0    0.521208
      5430.0    0.521069
      5428.0    0.521556
      5426.0    0.519830
      5424.0    0.520549
      5422.0    0.520982
      5420.0    0.521362
      5418.0    0.521352
      5416.0    0.521653
      5414.0    0.521506
      5412.0    0.521076
      5410.0    0.520692
      5408.0    0.520558
      5406.0    0.520722
      5404.0    0.520322
      5402.0    0.519411
      5400.0    0.520058
      5398.0    0.519754
      5396.0    0.519506
      5394.0    0.519501
      5392.0    0.519989
      5390.0    0.519031
      5388.0    0.518727
      5386.0    0.519563
      5384.0    0.519452
      5382.0    0.518825
      5380.0    0.518809
      5378.0    0.518391
      5376.0    0.518456
      5374.0    0.517282
      5372.0    0.517159
      5370.0    0.516800
      5368.0    0.517186
      5366.0    0.517233
      5364.0    0.516251
      5362.0    0.516377
      5360.0    0.516518
      5358.0    0.517004
      5356.0    0.517119
      5354.0    0.515851
      5352.0    0.516426
      5350.0    0.516510
      5348.0    0.516315
      5346.0    0.516481
      5344.0    0.515838
      5342.0    0.515951
      5340.0    0.516468
      5338.0    0.516651
      5336.0    0.515205
      5334.0    0.515953
      5332.0    0.514787
      5330.0    0.513120
      5328.0    0.511450
      5326.0    0.508710
      5324.0    0.505604
      5322.0    0.498468
      5320.0    0.491974
      5318.0    0.483160
      5316.0    0.470462
      5314.0    0.458785
      5312.0    0.442070
      5310.0    0.423202
      5308.0    0.401090
      5306.0    0.378842
      5304.0    0.353753
      5302.0    0.327874
      5300.0    0.299454
      5298.0    0.271887
      5296.0    0.243004
      5294.0    0.215588
      5292.0    0.188958
      5290.0    0.165837
      5288.0    0.142548
      5286.0    0.123665
      5284.0    0.105858
      5282.0    0.090512
      5280.0    0.076983
      5278.0    0.065452
      5276.0    0.056074
      5274.0    0.047578
      5272.0    0.040882
      5270.0    0.035016
      5268.0    0.029852
      5266.0    0.025697
      5264.0    0.022275
      5262.0    0.019280
      5260.0    0.016610
      5258.0    0.014374
      5256.0    0.012640
      5254.0    0.010819
      5252.0    0.009693
      5250.0    0.008200
      5248.0    0.007316
      5246.0    0.006534
      5244.0    0.005774
      5242.0    0.005109
      5240.0    0.004693
      5238.0    0.004191
      5236.0    0.003741
      5234.0    0.003313
      5232.0    0.002998
      5230.0    0.002681
      5228.0    0.002516
      5226.0    0.002161
      5224.0    0.001937
      5222.0    0.001791
      5220.0    0.001651
      5218.0    0.001435
      5216.0    0.001211
      5214.0    0.001052
      5212.0    0.001046
      5210.0    0.000861
      5208.0    0.000882
      5206.0    0.000745
      5204.0    0.000687
      5202.0    0.000615
      5200.0    0.000570
      5198.0    0.000509
      5196.0    0.000485
      5194.0    0.000379
      5192.0    0.000373
      5190.0    0.000349
      5188.0    0.000374
      5186.0    0.000299
      5184.0    0.000264
      5182.0    0.000291
      5180.0    0.000300
      5178.0    0.000251
      5176.0    0.000225
      5174.0    0.000150
      5172.0    0.000160
      5170.0    0.000186
      5168.0    0.000183
      5166.0    0.000157
      5164.0    0.000167
      5162.0    0.000177
      5160.0    0.000098
      5158.0    0.000134
      5156.0    0.000132
      5154.0    0.000116
      5152.0    0.000123
      5150.0    0.000116
      5148.0    0.000114
      5146.0    0.000081
      5144.0    0.000107
      5142.0    0.000152
      5140.0    0.000114
      5138.0    0.000120
      5136.0    0.000105
      5134.0    0.000132
      5132.0    0.000088
      5130.0    0.000138
      5128.0    0.000130
      5126.0    0.000150
      5124.0    0.000113
      5122.0    0.000121
      5120.0    0.000126
      5118.0    0.000097
      5116.0    0.000116
      5114.0    0.000099
      5112.0    0.000133
      5110.0    0.000115
      5108.0    0.000125
      5106.0    0.000106
      5104.0    0.000106
      5102.0    0.000161
      5100.0    0.000149
      5098.0    0.000107
      5096.0    0.000122
      5094.0    0.000125
      5092.0    0.000100
      5090.0    0.000130
      5088.0    0.000086
      5086.0    0.000161
      5084.0    0.000123
      5082.0    0.000083
      5080.0    0.000056
      5078.0    0.000115
      5076.0    0.000114
      5074.0    0.000159
      5072.0    0.000126
      5070.0    0.000135
      5068.0    0.000109
      5066.0    0.000135
      5064.0    0.000115
      5062.0    0.000099
      5060.0    0.000101
      5058.0    0.000088
      5056.0    0.000084
      5054.0    0.000100
      5052.0    0.000115
      5050.0    0.000100
      5048.0    0.000098
      5046.0    0.000117
      5044.0    0.000121
      5042.0    0.000118
      5040.0    0.000172
      5038.0    0.000154
      5036.0    0.000164
      5034.0    0.000073
      5032.0    0.000098
      5030.0    0.000116
      5028.0    0.000083
      5026.0    0.000110
      5024.0    0.000127
      5022.0    0.000118
      5020.0    0.000103
      5018.0    0.000128
      5016.0    0.000118
      5014.0    0.000158
      5012.0    0.000135
      5010.0    0.000101
      5008.0    0.000081
      5006.0    0.000111
      5004.0    0.000139
      5002.0    0.000112
      5000.0    0.000130
      4998.0    0.000102
      4996.0    0.000152
      4994.0    0.000101
      4992.0    0.000112
      4990.0    0.000085
      4988.0    0.000103
      4986.0    0.000094
      4984.0    0.000122
      4982.0    0.000141
      4980.0    0.000158
      4978.0    0.000152
      4976.0    0.000162
      4974.0    0.000103
      4972.0    0.000114
      4970.0    0.000095
      4968.0    0.000134
      4966.0    0.000102
      4964.0    0.000093
      4962.0    0.000125
      4960.0    0.000131
      4958.0    0.000137
      4956.0    0.000135
      4954.0    0.000070
      4952.0    0.000113
      4950.0    0.000124
      4948.0    0.000115
      4946.0    0.000083
      4944.0    0.000085
      4942.0    0.000128
      4940.0    0.000128
      4938.0    0.000099
      4936.0    0.000084
      4934.0    0.000128
      4932.0    0.000169
      4930.0    0.000108
      4928.0    0.000086
      4926.0    0.000170
      4924.0    0.000160
      4922.0    0.000155
      4920.0    0.000167
      4918.0    0.000129
      4916.0    0.000126
      4914.0    0.000139
      4912.0    0.000160
      4910.0    0.000138
      4908.0    0.000133
      4906.0    0.000113
      4904.0    0.000121
      4902.0    0.000128
      4900.0    0.000181